Webots Project File version R2023b
perspectives: 000000ff00000000fd00000002000000000000032000000391fc0100000002fb0000001e00480074006d006c0052006f0062006f007400570069006e0064006f00770000000000000003200000000000000000fb0000001a0044006f00630075006d0065006e0074006100740069006f006e0000000000ffffffff000000000000000000000003000007800000020afc0100000002fb0000001400540065007800740045006400690074006f00720000000000000007800000007700fffffffb0000001a0043006f006e0073006f006c00650041006c006c0041006c006c0100000000000007800000000000000000000007800000039300000001000000020000000100000008fc00000000
simulationViewPerspectives: 000000ff00000001000000020000014d000006310100000002010000000100
sceneTreePerspectives: 000000ff00000001000000030000002600000145000000fa0100000002010000000200
minimizedPerspectives: 000000ff00000000fd00000002000000000000032000000391fc0100000002fb0000001e00480074006d006c0052006f0062006f007400570069006e0064006f00770000000000000003200000000000000000fb0000001a0044006f00630075006d0065006e0074006100740069006f006e0000000000ffffffff0000000000000000000000030000078000000094fc0100000002fb0000001400540065007800740045006400690074006f007201000000000000069c0000007700fffffffb0000001a0043006f006e0073006f006c00650041006c006c0041006c006c010000069e000000e20000006900ffffff00000780000002fd00000001000000020000000100000008fc00000000
maximizedDockId: -1
centralWidgetVisible: 1
orthographicViewHeight: 1
textFiles: 0 "Color-Sorting-Pick-and-Place-Robot/controllers/Detection/Detection.c"
renderingDevicePerspectives: UR5e:camera;1;5.53125;0.36598;0.0352941
